id_stacji,stacja,data_pomiaru,godzina_pomiaru,temperatura,predkosc_wiatru,kierunek_wiatru,wilgotnosc_wzgledna,odparowanie,suma_opadu,cisnienie
12295,Białystok,2017-12-07,8,5.7,4,270,93.9,,0000000012.7,1013.4
12600,"Bielsko Biała",2017-12-07,8,2.6,5,230,74.8,,0000000000.1,1024.6
12235,Chojnice,2017-12-07,8,5.5,5,250,85.0,,000000000006,1014.7
12550,Częstochowa,2017-12-07,8,3.4,2,220,80.6,,0000000001.6,1022.8
12556,Dźwirzyno,2017-12-07,8,7.1,2,230,73.4,,000000000002,1013.9
12160,Elbląg,2017-12-07,8,5.2,8,230,90.6,,0000000020.4,1013
12155,Gdańsk,2017-12-07,8,7.2,4,240,78.8,,0000000000.7,1012.8
12300,Gorzów,2017-12-07,8,5.7,3,230,78.6,,0000000003.1,1017.5
12135,Hel,2017-12-07,8,7.4,6,260,81.1,,0000000008.6,1011.7
12500,"Jelenia Góra",2017-12-07,8,-1.1,1,120,95.7,,0000000002.5,1022.7
12435,Kalisz,2017-12-07,8,5.2,6,220,80.8,,0000000002.2,1020.1
12650,"Kasprowy Wierch",2017-12-07,8,-3.9,6,290,,,0000000001.5,
12560,Katowice,2017-12-07,8,2.3,3,200,84.0,,0000000000.9,1024.1
12185,Kętrzyn,2017-12-07,8,6.1,7,250,88.7,,0000000013.1,1012.1
12570,Kielce,2017-12-07,8,3.6,4,250,84.8,,0000000003.8,1021.8
12520,Kłodzko,2017-12-07,8,3,2,200,79.9,,0000000000.5,1023.6
12345,Koło,2017-12-07,8,5.6,6,240,76.9,,0000000000.8,1018.8
12100,Kołobrzeg,2017-12-07,8,7.4,4,220,71.9,,0000000002.3,1013.7
12105,Koszalin,2017-12-07,8,6.9,5,220,76.0,,0000000004.2,1013.7
12488,Kozienice,2017-12-07,8,4.9,4,250,88.0,,000000000006,1019
12566,Kraków,2017-12-07,8,3.5,5,230,76.0,,000000000001,1023.9
12670,Krosno,2017-12-07,8,4,5,260,75.5,,0000000002.5,1023.9
12415,Legnica,2017-12-07,8,2.9,2,190,81.1,,000000000.01,1021.6
12690,Lesko,2017-12-07,8,2.3,4,230,85.9,,0000000005.4,1024.6
12418,Leszno,2017-12-07,8,5.8,4,220,70.5,,0000000000.6,1020.2
12125,Lębork,2017-12-07,8,7,5,240,81.0,,0000000025.7,1012
12495,Lublin,2017-12-07,8,4,6,280,93.8,,0000000003.2,1019.4
12120,Łeba,2017-12-07,8,6.9,10,250,79.9,,0000000010.1,1011.5
12465,Łódź,2017-12-07,8,4.8,5,230,83.7,,0000000006.9,1019.8
12280,Mikołajki,2017-12-07,8,5.9,5,260,90.6,,0000000009.6,1012.8
12270,Mława,2017-12-07,8,5.5,5,260,85.6,,0000000004.8,1015.7
12660,"Nowy Sącz",2017-12-07,8,3.9,1,200,70.7,,0000000000.1,1024.4
12272,Olsztyn,2017-12-07,8,5.6,4,250,88.1,,0000000011.2,1013.9
12530,Opole,2017-12-07,8,4.2,2,190,72.9,,0000000000.5,1023.3
12285,Ostrołęka,2017-12-07,8,6.1,5,260,83.3,,0000000000.5,1015.1
12230,Piła,2017-12-07,8,6.1,4,220,77.5,,0000000001.3,1016.5
12001,Platforma,2017-12-07,8,7.2,17,230,85.8,,,1008.2
12360,Płock,2017-12-07,8,5.8,7,250,80.9,,000000000002,1017.2
12330,Poznań,2017-12-07,8,5.9,5,230,74.8,,0000000003.5,1018.6
12695,Przemyśl,2017-12-07,8,4.1,5,260,84.8,,0000000002.7,1022.6
12540,Racibórz,2017-12-07,8,1.7,4,190,87.1,,000000000.01,1024.2
12210,Resko,2017-12-07,8,6.6,6,210,73.8,,0000000005.1,1014.6
12580,Rzeszów,2017-12-07,8,4.6,8,250,79.0,,0000000001.9,1022.4
12585,Sandomierz,2017-12-07,8,4.2,6,250,,,0000000000.9,1021.3
12385,Siedlce,2017-12-07,8,5.2,6,260,90.6,,0000000005.4,1016.5
12310,Słubice,2017-12-07,8,6.1,5,220,71.6,,0000000002.3,1018.5
12469,Sulejów,2017-12-07,8,4.7,6,220,81.9,,0000000004.5,1020.6
12195,Suwałki,2017-12-07,8,5.5,7,260,95.2,,0000000010.4,1010.6
12205,Szczecin,2017-12-07,8,6.6,5,220,72.8,,0000000002.7,1015.6
12215,Szczecinek,2017-12-07,8,6,5,250,83.3,,0000000010.7,1014.5
12510,Śnieżka,2017-12-07,8,1.7,26,280,,,0000000000.1,
12200,Świnoujście,2017-12-07,8,6.7,4,230,67.7,,0000000002.6,1014.2
12575,Tarnów,2017-12-07,8,4.9,2,270,64.9,,0000000000.5,1023.5
12399,Terespol,2017-12-07,8,5.3,5,270,95.2,,0000000004.6,1015.6
12250,Toruń,2017-12-07,7,6.2,3,220,79.8,,0000000000.3,1016.9
12115,Ustka,2017-12-07,8,7.6,7,240,74.5,,0000000012.3,1011.9
12375,Warszawa,2017-12-07,8,5.8,7,270,82.0,,0000000003.3,1017.8
12455,Wieluń,2017-12-07,8,4.3,5,250,79.0,,0000000001.8,1021.6
12497,Włodawa,2017-12-07,8,5,8,270,93.8,,0000000005.1,1017.1
12424,Wrocław,2017-12-07,7,5.1,3,230,74.6,,000000000.01,1022.4
12625,Zakopane,2017-12-07,8,-2.8,1,280,,,0000000001.5,
12595,Zamość,2017-12-07,8,3.9,10,270,93.1,,0000000004.7,1019.7
12400,"Zielona Góra",2017-12-07,8,4.8,4,240,74.6,,0000000000.3,1019.8
